0
0
0
2
445
9
269
95
1
200
165
0
287
95
1
193
190
0
305
95
1
142
446
0
323
95
1
274
145
0
341
95
1
236
201
0
260
95
0
162
455
1
269
113
1
82
301
0
287
113
1
126
275
0
305
113
1
87
332
0
323
113
1
146
291
0
341
113
1
132
323
0
359
113
1
135
338
0
262
131
0
88
455
1
287
131
1
73
431
0
305
131
1
79
358
0
324
131
1
90
411
0
178
131
0
471
455
1
361
131
1
127
413
0
402
149
0
291
455
1
308
149
0
289
455
1
255
149
0
314
455
1
77
149
0
245
455
1
235
149
0
196
455
1
106
149
0
223
455
1
82
160
